892420643555336193 8347 38152
892177421306343426 6170 32718
891815181378084864 4082 24636
891689557279858688 8491 41489
891327558926688256 9184 39662
891087950875897856 3058 19915
890971913173991426 2028 11641
890729181411237888 18528 64374
890609185150312448 4197 27359
890240255349198849 7252 31399
890006608113172480 7202 30186
889880896479866881 4887 27352
889665388333682689 9872 47351
889638837579907072 4464 26722
889531135344209921 2206 14869
889278841981685760 5279 24850
888917238123831296 4414 28633
888804989199671297 4218 25148
888554962724278272 3489 19522
888078434458587136 3432 21413
887705289381826560 5290 29689
887517139158093824 11465 45562
887473957103951883 17851 67972
887343217045368832 10221 33147
887101392804085760 5860 30089
886983233522544640 7632 34596
886736880519319552 3222 11859
886680336477933568 4385 22088
886366144734445568 3143 20858
886267009285017600 4 116
886258384151887873 6176 27543
886054160059072513 105 0
885984800019947520 6675 32141
885528943205470208 6320 35412
885518971528720385 3696 20115
885311592912609280 18244 0
885167619883638784 4303 21583
884925521741709313 17971 76245
884876753390489601 5549 27491
884562892145688576 4646 23921
884441805382717440 5560 26569
884247878851493888 20127 71891
884162670584377345 2939 20036
883838122936631299 3388 21560
883482846933004288 9777 45193
883360690899218434 3640 22326
883117836046086144 6556 36604
882992080364220416 3858 23590
882762694511734784 4838 27864
882627270321602560 5989 27480
882268110199369728 11407 44266
882045870035918850 4890 28920
881906580714921986 3340 23943
881666595344535552 10496 49825
881633300179243008 7 124
881536004380872706 15689 48669
881268444196462592 5088 22733
880935762899988482 2739 16752
880872448815771648 3754 20942
880465832366813184 6173 28094
880221127280381952 4149 26641
880095782870896641 4288 27217
879862464715927552 3445 21984
879674319642796034 10 307
879492040517615616 3139 23067
879415818425184262 43561 104284
879376492567855104 3071 16528
879130579576475649 6721 0
879050749262655488 4650 22227
879008229531029506 2657 18701
878776093423087618 4072 19128
878604707211726852 7095 29815
878404777348136964 1270 0
878316110768087041 6561 0
878281511006478336 1270 7634
878057613040115712 6721 41421
877736472329191424 18821 78623
877611172832227328 80 0
877556246731214848 3756 22400
877316821321428993 5104 26991
877201837425926144 5514 26740
876838120628539392 3299 20399
876537666061221889 4573 23179
876484053909872640 2367 18503
876120275196170240 4635 27527
875747767867523072 4242 24844
875144289856114688 4869 21622
875097192612077568 5978 27047
875021211251597312 4667 25120
874680097055178752 4597 27460
874434818259525634 14577 0
874296783580663808 4068 25719
874057562936811520 3918 22358
874012996292530176 10313 34147
873580283840344065 3910 23896
873337748698140672 1572 0
873213775632977920 1572 7146
872967104147763200 5364 27042
872820683541237760 3667 14542
872620804844003328 3669 20557
872486979161796608 8959 40227
872261713294495745 6280 33825
872122724285648897 8079 34071
871879754684805121 11109 37587
871762521631449091 3458 20077
871515927908634625 3438 20022
871166179821445120 5679 0
871102520638267392 5485 20749
871032628920680449 3806 22475
870804317367881728 6186 33332
870726314365509632 3 119
870656317836468226 2640 12315
870374049280663552 26177 82137
870308999962521604 4149 21684
870063196459192321 8344 36416
869772420881756160 10031 42153
869702957897576449 6354 28075
869596645499047938 3137 15891
869227993411051520 3791 20330
868880397819494401 14517 65341
868639477480148993 2102 0
868622495443632128 5394 26725
868552278524837888 2102 10093
867900495410671616 4197 24114
867774946302451713 7371 33927
867421006826221569 2522 16083
867072653475098625 121 0
867051520902168576 7919 32204
866720684873056260 4848 20063
866686824827068416 3513 19327
866450705531457537 35551 122246
866334964761202691 14577 52608
866094527597207552 8450 0
865718153858494464 5669 25659
865359393868664832 5054 26516
865006731092295680 7767 28065
864873206498414592 8795 32366
864279568663928832 3073 14671
864197398364647424 9051 30264
863907417377173506 4197 20700
863553081350529029 4231 15370
863471782782697472 2485 0
863432100342583297 5335 23927
863427515083354112 98 2276
863079547188785154 1118 8810
863062471531167744 2485 8569
862831371563274240 5169 19268
862722525377298433 3582 17161
862457590147678208 5038 20671
862096992088072192 23684 75032
861383897657036800 10890 36327
861288531465048066 4228 17318
861005113778896900 3869 16832
860981674716409858 2196 0
860924035999428608 838 0
860563773140209665 2196 7573
860524505164394496 5380 23828
860276583193509888 3546 18460
860184849394610176 5958 16840
860177593139703809 31514 0
859924526012018688 4184 19738
859851578198683649 3585 15554
859607811541651456 1608 18778
859196978902773760 30904 90953
859074603037188101 13923 34260
858860390427611136 8345 0
858843525470990336 3559 15712
858471635011153920 4966 21759
858107933456039936 2989 15915
857989990357356544 2647 16332
857746408056729600 10925 34731
857393404942143489 1690 5991
857263160327368704 4652 20285
857214891891077121 18 232
857062103051644929 177 0
857029823797047296 4121 19216
856602993587888130 11016 0
856543823941562368 2967 16512
856526610513747968 1940 12023
856330835276025856 701 0
856288084350160898 17 527
856282028240666624 6521 28191
855862651834028034 28 352
855860136149123072 1064 5125
855857698524602368 2183 12061
855851453814013952 18298 46232
855818117272018944 5614 27083
855459453768019968 8504 30512
855245323840757760 6198 0
855138241867124737 47 0
854732716440526848 6346 23324
854482394044301312 7138 29944
854365224396361728 4876 19321
854120357044912130 7799 32697
854010172552949760 3288 16580
853760880890318849 6045 29273
853639147608842240 10580 35735
853299958564483072 3731 15928
852936405516943360 2104 0
852912242202992640 1920 9301
852672615818899456 2258 15326
852553447878664193 3684 16823
852311364735569921 10358 34050
852226086759018497 7125 20580
852189679701164033 1665 11799
851953902622658560 10116 0
851861385021730816 23 0
851591660324737024 3641 16695
851464819735769094 7432 25022
851224888060895234 6007 21332
850753642995093505 9770 32027
850380195714523136 2753 13485
850333567704068097 352 3544
850145622816686080 4033 16864
850019790995546112 5163 21142
849776966551130114 8016 31504
849668094696017920 5235 0
849412302885593088 3317 16427
849336543269576704 1993 11822
849051919805034497 8996 43986
848690551926992896 4566 26106
848324959059550208 4859 25668
848213670039564288 786 8468
848212111729840128 3251 16926
847978865427394560 3448 0
847971574464610304 452 0
847962785489326080 5400 24393
847842811428974592 1422 5687
847617282490613760 450 7271
847606175596138505 3597 19488
847251039262605312 4556 21247
847157206088847362 6210 20725
847116187444137987 3393 22258
846874817362120707 4170 20880
846514051647705089 12317 46434
846505985330044928 3283 14682
846153765933735936 9631 32990
846139713627017216 10487 32137
846042936437604353 3075 16644
845812042753855489 9300 30513
845677943972139009 5087 26151
845397057150107648 1925 7952
845306882940190720 5737 24295
845098359547420673 8154 0
844979544864018432 2752 14209
844973813909606400 3421 15758
844704788403113984 11016 40387
844580511645339650 3349 17188
844223788422217728 2342 14222
843981021012017153 3117 15787
843856843873095681 4935 22333
843604394117681152 2942 17628
843235543001513987 6453 22453
842846295480000512 3839 15904
842765311967449089 1359 7049
842535590457499648 3742 18919
842163532590374912 6198 25603
842115215311396866 3238 14647
841833993020538882 16405 0
841680585030541313 8289 26810
841439858740625411 3925 13212
841320156043304961 5809 20668
841314665196081154 5022 16568
841077006473256960 5679 23953
840761248237133825 1877 0
840728873075638272 17341 0
840698636975636481 2 187
840696689258311684 1047 12880
840632337062862849 1877 9399
840370681858686976 4877 17251
840268004936019968 6145 20203
839990271299457024 2464 14076
839549326359670784 8345 28870
839290600511926273 154 0
839239871831150596 7016 28554
838952994649550848 4262 20576
838921590096166913 2230 11724
838916489579200512 36 0
838831947270979586 11874 0
838561493054533637 1423 11460
838476387338051585 5169 23723
838201503651401729 10840 0
838150277551247360 354 1767
838085839343206401 0 149
838083903487373313 3391 18516
837820167694528512 8450 35923
837482249356513284 476 4029
837471256429613056 2465 13438
837366284874571778 5696 22213
837110210464448512 2575 16833
836989968035819520 2472 13379
836753516572119041 4970 20210
836677758902222849 2392 13259
836648853927522308 591 0
836397794269200385 29750 0
836380477523124226 3184 15482
836260088725786625 4622 22366
836001077879255040 4623 20109
835685285446955009 8790 0
835574547218894849 3902 18718
835536468978302976 1837 0
835309094223372289 22654 0
835297930240217089 3229 17276
835264098648616962 1837 8156
835246439529840640 78 2197
835172783151792128 6188 27518
835152434251116546 3253 23641
834931633769889797 1783 11417
834786237630337024 5909 22286
834574053763584002 2734 14419
834477809192075265 11522 0
834458053273591808 1810 10114
834209720923721728 5162 21710
834167344700198914 3926 16607
834089966724603904 2290 10585
834086379323871233 2397 13774
833863086058651648 2598 14131
833826103416520705 4034 18947
833732339549220864 233 0
833722901757046785 3468 21820
833479644947025920 2235 15669
833124694597443584 5235 21282
832998151111966721 2395 14025
832769181346996225 40 0
832757312314028032 3921 17749
832682457690300417 3173 12526
832645525019123713 563 3085
832636094638288896 3030 16740
832397543355072512 2404 12594
832369877331693569 3448 18106
832273440279240704 2524 11933
832215909146226688 6698 0
832215726631055365 10155 0
832088576586297345 2 70
832040443403784192 10515 0
832032802820481025 5025 18819
831939777352105988 6640 25341
831926988323639298 35 360
831911600680497154 7056 29207
831670449226514432 1962 11032
831650051525054464 2104 7581
831552930092285952 2485 9511
831322785565769729 1652 9715
831315979191906304 1210 6896
831309418084069378 2640 12394
831262627380748289 2224 12583
830956169170665475 1620 8421
830583320585068544 18244 70724
830173239259324417 6185 0
830097400375152640 3258 10382
829878982036299777 5439 0
829861396166877184 2123 12925
829501995190984704 11522 33575
829449946868879360 2204 11061
829374341691346946 10116 36607
829141528400556032 8045 25917
829011960981237760 17607 56081
828801551087042563 3691 0
828770345708580865 6367 27070
828708714936930305 12195 38757
828650029636317184 1462 10056
828409743546925057 1248 6662
828408677031882754 1394 8103
828381636999917570 2416 13372
828376505180889089 1153 7815
828372645993398273 3196 13267
828361771580813312 184 2322
828046555563323392 3109 12449
828011680017821696 2335 10983
827933404142436356 5677 21332
827653905312006145 3266 16337
827600520311402496 1030 7846
827324948884643840 3332 16812
827199976799354881 2438 11205
826958653328592898 5439 22868
826848821049180160 11116 38661
826615380357632002 4299 0
826598799820865537 277 5422
826598365270007810 2555 10686
826476773533745153 4560 19536
826240494070030336 2812 14080
826204788643753985 1015 5179
826115272272650244 3416 16619
825876512159186944 2034 11097
825829644528148480 2708 13520
825535076884762624 18720 55270
825147591692263424 4986 19421
825120256414846976 1396 0
825026590719483904 1396 6737
824796380199809024 5987 0
824775126675836928 3838 15900
824663926340194305 1892 10696
824325613288833024 11313 12510
824297048279236611 4215 15985
824025158776213504 644 5072
823939628516474880 2957 11313
823719002937630720 12245 0
823699002998870016 2639 13367
823581115634085888 2882 13855
823333489516937216 28 740
823322678127919110 4383 16728
823269594223824897 10750 0
822975315408461824 3753 18377
822872901745569793 47863 140770
822859134160621569 2493 14060
822647212903690241 7001 0
822610361945911296 3238 15707
822489057087389700 7001 19321
822462944365645825 16005 30304
822244816520155136 10750 37259
822163064745328640 5254 0
821886076407029760 2558 12091
821813639212650496 3650 0
821765923262631936 1819 8965
821522889702862852 1934 8535
821421320206483457 6118 0
821407182352777218 4754 12537
821153421864615936 10 270
821149554670182400 2199 9285
821107785811234820 2326 10208
821044531881721856 2503 13494
820837357901512704 7327 0
820749716845686786 10840 33605
820690176645140481 3531 13005
820494788566847489 620 0
820446719150292993 2828 0
820314633777061888 620 3553
820078625395449857 6878 21131
820013781606658049 1298 0
819952236453363712 1298 5666
819924195358416896 5294 13712
819711362133872643 3433 14356
819588359383371776 2153 10196
819347104292290561 1323 7697
819238181065359361 442 2430
819227688460238848 7327 24620
819015337530290176 40166 0
819015331746349057 20712 0
819006400881917954 20712 48152
819004803107983360 40166 92170
818646164899774465 22845 0
818627210458333184 8151 23663
818614493328580609 2830 10528
818588835076603904 6727 0
818536468981415936 2714 11643
818307523543449600 8898 0
818259473185828864 2508 11769
818145370475810820 2843 13112
817908911860748288 866 5164
817827839487737858 29750 55371
817777686764523521 2930 11418
817536400337801217 3325 12603
817502432452313088 3713 0
817423860136083457 16405 36535
817415592588222464 1056 5992
817181837579653120 9319 0
817171292965273600 2203 9314
817120970343411712 2877 12998
817056546584727552 1815 9158
816829038950027264 5176 0
816816676327063552 2233 10680
816697700272001025 2427 10471
816450570814898180 8898 32660
816336735214911488 2146 9180
816091915477250048 2365 9536
816062466425819140 1142 0
816014286006976512 5833 0
815990720817401858 1142 5335
815966073409433600 9319 23991
815745968457060357 4542 0
815736392542261248 2495 10521
815639385530101762 1807 8783
815390420867969024 4178 11076
814986499976527872 1421 8160
814638523311648768 2972 12055
814578408554463233 6371 0
814530161257443328 2033 9269
814153002265309185 9544 30784
813944609378369540 3511 0
813910438903693312 2066 9940
813812741911748608 15384 38880
813800681631023104 1928 8927
813217897535406080 8015 19990
813202720496779264 1971 9823
813187593374461952 4798 21223
813172488309972993 2100 9981
813157409116065792 2437 8295
813142292504645637 2593 9009
813130366689148928 488 4776
813127251579564032 3439 12688
813112105746448384 3026 11049
813096984823349248 3962 11264
813081950185472002 3044 10565
813066809284972545 2141 8519
813051746834595840 8058 22447
812781120811126785 2100 8110
812747805718642688 7620 0
812709060537683968 1570 7098
812503143955202048 1347 6504
812466873996607488 2116 8559
812372279581671427 4029 14678
811985624773361665 1546 7778
811744202451197953 1772 8081
811647686436880384 817 5976
811627233043480576 3441 13694
811386762094317568 7033 22386
810984652412424192 1578 5708
810896069567610880 1968 9693
810657578271330305 2912 11743
810284430598270976 12548 37971
810254108431155201 3691 15739
809920764300447744 4299 16602
809808892968534016 5398 0
809448704142938112 1616 7424
809220051211603969 6185 21354
809084759137812480 3856 14172
808838249661788160 3347 10833
808733504066486276 2389 8482
808501579447930884 2865 12096
808344865868283904 22845 45562
808134635716833280 6553 0
808106460588765185 2416 9346
808001312164028416 3892 13484
807621403335917568 4054 15622
807106840509214720 61154 127363
807059379405148160 8077 0
807010152071229440 4212 13984
806629075125202948 38363 80576
806620845233815552 6080 0
806576416489959424 2115 5193
806542213899489280 2609 10958
806242860592926720 12867 0
806219024703037440 1317 6886
805958939288408065 5923 0
805932879469572096 2106 8867
805826884734976000 2015 7062
805823200554876929 8858 0
805520635690676224 1815 6148
805487436403003392 2793 9406
805207613751304193 1879 8368
804738756058218496 4240 14737
804475857670639616 2214 6594
804413760345620481 3549 0
804026241225523202 17863 47893
803773340896923648 3050 10774
803692223237865472 8186 0
803638050916102144 4554 11787
803380650405482500 2047 8313
803321560782307329 5861 0
803276597545603072 2723 10758
802952499103731712 2213 9694
802624713319034886 3226 0
802600418706604034 1625 7638
802572683846291456 2755 9593
802323869084381190 6432 17447
802265048156610565 1503 7084
802239329049477120 2870 9745
802185808107208704 293 0
801958328846974976 1884 8283
801854953262350336 258 1886
801538201127157760 2267 8809
801285448605831168 919 6507
801167903437357056 6553 26318
801127390143516673 4383 0
801115127852503040 2304 8679
800859414831898624 107 742
800855607700029440 1797 0
800751577355128832 3059 11273
800513324630806528 3314 14110
800459316964663297 2387 10156
800443802682937345 4756 0
800388270626521089 3095 11973
800188575492947969 4344 0
800141422401830912 2828 16434
800018252395122689 14519 30496
799774291445383169 5166 0
799757965289017345 2387 9033
799422933579902976 2112 8644
799308762079035393 6098 0
799297110730567681 3060 10652
799063482566066176 2718 8697
798933969379225600 4943 14143
798925684722855936 1583 7990
798705661114773508 7281 0
798701998996647937 8603 0
798697898615730177 7181 0
798694562394996736 5469 0
798686750113755136 2568 0
798682547630837760 5206 0
798673117451325440 6115 0
798665375516884993 4287 0
798644042770751489 2039 0
798628517273620480 2166 0
798585098161549313 6290 0
798576900688019456 6468 0
798340744599797760 3710 0
798209839306514432 2826 11150
797971864723324932 3461 12512
797545162159308800 5358 15580
797236660651966464 7313 21470
797165961484890113 29 248
796904159865868288 9798 0
796865951799083009 2100 8249
796759840936919040 3370 12763
796563435802726400 8049 0
796484825502875648 1946 8148
796387464403357696 4594 11826
796177847564038144 15789 0
796149749086875649 15789 34780
796125600683540480 1967 5307
796116448414461957 2672 9772
796080075804475393 2565 9088
796031486298386433 4063 11605
795464331001561088 26280 53541
795400264262053889 3164 10857
795076730285391872 5987 17446
794983741416415232 3713 0
794926597468000259 2550 11055
794355576146903043 11343 0
794332329137291264 2919 10288
794205286408003585 3650 9878
793962221541933056 5398 18090
793845145112371200 2065 9887
793614319594401792 3438 0
793601777308463104 1806 8564
793500921481273345 2622 11498
793286476301799424 10155 26463
793271401113350145 2610 9293
793256262322548741 9189 21487
793241302385262592 3612 11304
793226087023144960 3155 10584
793210959003287553 3106 9610
793195938047070209 6200 16412
793180763617361921 2191 7439
793165685325201412 3070 10111
793150605191548928 1882 6634
793135492858580992 2754 6958
793120401413079041 4313 13645
792913359805018113 4432 15403
792883833364439040 4713 12162
792773781206999040 1854 7893
792394556390137856 4722 14460
792050063153438720 1982 7714
791821351946420224 23176 0
791784077045166082 10622 0
791780927877898241 4195 0
791774931465953280 24472 48513
791672322847637504 3438 12625
791406955684368384 4542 14095
791312159183634433 2805 9441
791026214425268224 4537 0
790987426131050500 2358 10632
790946055508652032 5176 17844
790723298204217344 2555 0
790698755171364864 2101 8800
790581949425475584 7911 22203
790337589677002753 2058 8402
790277117346975746 3511 13465
790227638568808452 3934 0
789986466051088384 2555 9937
789960241177853952 4567 0
789903600034189313 4543 11158
789628658055020548 1964 8077
789599242079838210 2134 7268
789530877013393408 3713 12646
789314372632018944 2536 9249
789280767834746880 5450 0
789268448748703744 2835 9786
789137962068021249 3074 10425
788908386943430656 13634 29432
788765914992902144 11343 29460
788552643979468800 7931 0
788412144018661376 5842 16747
788178268662984705 2333 7766
788150585577050112 1434 6605
788070120937619456 3766 0
788039637453406209 1456 6597
787810552592695296 3358 9313
787717603741622272 3064 10966
787397959788929025 3119 11644
787322443945877504 1918 8364
787111942498508800 7384 0
786963064373534720 8790 28528
786729988674449408 2657 0
786709082849828864 6698 19506
786664955043049472 2822 11435
786595970293370880 3403 10095
786363235746385920 3858 11694
786286427768250368 3146 8551
786233965241827333 5254 16417
786051337297522688 169 1546
786036967502913536 7770 0
785927819176054784 3473 12177
785872687017132033 2006 7168
785639753186217984 2436 8373
785533386513321988 2205 9763
785515384317313025 1382 6535
785264754247995392 1798 7784
785170936622350336 5343 12974
784826020293709826 3549 10863
784517518371221505 2784 9610
784431430411685888 1408 6100
784183165795655680 8858 21557
784057939640352768 12245 32034
783839966405230592 11873 32200
783821107061198850 2153 7883
783695101801398276 3541 11189
783466772167098368 2476 9044
783391753726550016 6050 18051
783347506784731136 6150 0
783334639985389568 12867 31306
783085703974514689 2440 8709
782969140009107456 8077 25819
782747134529531904 1532 7994
782722598790725632 5923 18487
782598640137187329 2055 8321
782305867769217024 6118 17851
782021823840026624 6849 0
781955203444699136 3686 11888
781661882474196992 2973 11177
781655249211752448 1233 4284
781524693396357120 6080 22216
781308096455073793 2789 7631
781251288990355457 2303 9021
781163403222056960 2996 10445
780931614150983680 8049 23152
780858289093574656 2188 7694
780800785462489090 1423 5893
780601303617732608 3650 12923
780543529827336192 1901 6746
780496263422808064 4070 0
780476555013349377 128 0
780459368902959104 1174 5651
780192070812196864 2452 9310
780092040432480260 2523 0
780074436359819264 5473 13097
779834332596887552 7770 20324
779377524342161408 3406 9427
779124354206535695 20171 0
779123168116150273 3984 12625
779056095788752897 4954 15818
778990705243029504 7969 21419
778774459159379968 10912 0
778764940568104960 402 915
778748913645780993 1457 7377
778650543019483137 1632 6174
778624900596654080 1110 4974
778408200802557953 4761 14592
778396591732486144 13410 0
778383385161035776 1207 6234
778286810187399168 3620 11110
778039087836069888 2887 9060
778027034220126208 1774 7000
777953400541634568 3855 0
777885040357281792 1797 6798
777684233540206592 3226 11995
777641927919427584 4650 0
777621514455814149 2729 9373
777189768882946048 4741 15300
776819012571455488 15047 0
776813020089548800 1323 5208
776477788987613185 3061 9444
776249906839351296 10004 0
776218204058357768 17455 32044
776201521193218049 2757 10244
776113305656188928 4756 12539
776088319444877312 166 1958
775898661951791106 17956 0
775842724423557120 2925 12508
775733305207554048 4383 14777
775729183532220416 4987 13798
775364825476165632 3248 7930
775350846108426240 4266 10833
775085132600442880 5166 16585
774757898236878852 1932 9114
774639387460112384 1900 7170
774314403806253056 6098 23209
773985732834758656 4234 11451
773922284943896577 1889 6821
773704687002451968 1783 7041
773670353721753600 1415 5672
773547596996571136 6727 23538
773336787167145985 5557 0
773308824254029826 8154 24773
773247561583001600 3500 10049
773191612633579521 4485 10642
772877495989305348 4223 9142
772826264096874500 2539 8510
772615324260794368 3680 0
772581559778025472 1843 6894
772193107915964416 1508 6404
772152991789019136 1223 4028
772117678702071809 801 3995
772114945936949249 516 2890
772102971039580160 1009 4267
771908950375665664 2064 7005
771770456517009408 3710 12788
771500966810099713 2863 8820
771380798096281600 5557 11213
771102124360998913 1562 6643
771014301343748096 1803 7321
770787852854652928 1328 5281
770772759874076672 1539 5533
770655142660169732 1895 7804
770414278348247044 2244 6705
770293558247038976 1625 6649
770093767776997377 3311 0
770069151037685760 2505 8074
769940425801170949 10515 33504
769695466921623552 1803 6802
769335591808995329 8371 0
769212283578875904 1868 5745
768970937022709760 7122 15344
768909767477751808 2941 0
768855141948723200 967 4462
768609597686943744 1319 4377
768596291618299904 1387 5342
768554158521745409 6339 0
768473857036525572 3724 14521
768193404517830656 3855 11612
767884188863397888 1528 5061
767754930266464257 5861 17069
767500508068192258 2538 7962
767191397493538821 4146 13068
767122157629476866 3104 10781
766864461642756096 6151 0
766793450729734144 1474 5400
766714921925144576 421 2771
766693177336135680 861 4295
766423258543644672 1736 6404
766313316352462849 2044 7213
766078092750233600 2827 0
766069199026450432 937 4548
766008592277377025 537 3980
765719909049503744 2336 7709
765669560888528897 1324 5529
765395769549590528 3688 28067
765371061932261376 2345 7548
765222098633691136 3680 12352
764857477905154048 1926 6830
764259802650378240 1649 6434
763956972077010945 59 788
763837565564780549 4537 13406
763183847194451968 1602 5748
763167063695355904 3277 0
763103485927849985 2478 7823
762699858130116608 3934 12939
762471784394268675 7028 11996
762464539388485633 4567 10972
762316489655476224 1225 5120
762035686371364864 16936 34027
761976711479193600 2195 5740
761750502866649088 4277 0
761745352076779520 935 4520
761672994376806400 31514 52658
761599872357261312 1274 4384
761371037149827077 19488 0
761334018830917632 1573 5531
761292947749015552 1190 4743
761227390836215808 1690 5642
761004547850530816 3766 12008
760893934457552897 1055 4053
760656994973933572 2094 7020
760641137271070720 1404 5261
760539183865880579 3940 8045
760521673607086080 1517 4484
760290219849637889 12458 28473
760252756032651264 937 4183
760190180481531904 1963 6055
760153949710192640 34 0
759943073749200896 2267 6303
759923798737051648 6151 15600
759846353224826880 2148 7135
759793422261743616 2059 6323
759566828574212096 22900 0
759557299618865152 1271 4991
759447681597108224 2657 9006
759446261539934208 526 1773
759197388317847553 2113 6425
759159934323924993 1263 0
759099523532779520 4525 15433
759047813560868866 2188 6911
758854675097526272 968 3768
758828659922702336 4156 11856
758740312047005698 1738 6072
758474966123810816 1077 4054
758467244762497024 2417 5097
758405701903519748 2090 5512
758355060040593408 1176 3645
758099635764359168 10912 20356
758041019896193024 405 2868
757741869644341248 3530 7299
757729163776290825 8781 0
757725642876129280 1319 4815
757611664640446465 1213 4834
757597904299253760 315 0
757596066325864448 1145 4611
757400162377592832 7402 16070
757393109802180609 1893 6190
757354760399941633 1543 4782
756998049151549440 2151 6645
756939218950160384 2177 7062
756651752796094464 1422 5372
756526248105566208 3915 11026
756303284449767430 1175 4188
756288534030475264 18931 45357
756275833623502848 1649 6826
755955933503782912 3128 7778
755206590534418437 5825 17437
755110668769038337 11992 22500
754874841593970688 8676 0
754856583969079297 2735 7287
754747087846248448 566 2734
754482103782404096 2111 5624
754449512966619136 796 3963
754120377874386944 2533 8301
753655901052166144 2356 6191
753420520834629632 3860 8390
753398408988139520 2077 6126
753375668877008896 2523 8081
753298634498793472 6243 0
753294487569522689 1127 3599
753039830821511168 22654 39307
753026973505581056 1054 4121
752932432744185856 7384 13366
752917284578922496 1703 7300
752701944171524096 3121 0
752682090207055872 1737 6341
752660715232722944 1707 4667
752568224206688256 2469 5853
752519690950500352 3724 7809
752334515931054080 1190 4039
752309394570878976 18044 0
752173152931807232 1997 6295
751950017322246144 1006 3255
751937170840121344 1455 5519
751830394383790080 2120 6140
751793661361422336 3147 6207
751598357617971201 3290 8358
751583847268179968 1204 4661
751538714308972544 1372 5329
751456908746354688 1078 3386
751251247299190784 6337 13223
751205363882532864 1976 6676
751132876104687617 1411 5375
750868782890057730 1499 5045
750719632563142656 5450 13972
750506206503038976 1244 4700
750429297815552001 4650 13924
750383411068534784 1226 4811
750381685133418496 32 730
750147208377409536 1044 3276
750132105863102464 1374 3844
750117059602808832 1405 4579
750101899009982464 909 3216
750086836815486976 591 2299
750071704093859840 3608 8312
750056684286914561 968 3315
750041628174217216 670 3355
750026558547456000 852 2867
750011400160841729 984 3431
749996283729883136 874 3207
749981277374128128 2642 5402
749774190421639168 1417 4912
749417653287129088 1801 6436
749403093750648834 588 2778
749395845976588288 3739 9093
749317047558017024 2390 5798
749075273010798592 2231 6090
749064354620928000 1629 5060
749036806121881602 843 3275
748977405889503236 3664 11320
748932637671223296 2438 6181
748705597323898880 1022 2924
748699167502000129 1724 4997
748692773788876800 1435 4476
748575535303884801 2148 6403
748568946752774144 726 2301
748346686624440324 1336 5515
748337862848962560 4442 8127
748324050481647620 826 3900
748307329658011649 770 3868
748220828303695873 8390 14914
747963614829678593 2311 6097
747933425676525569 2751 6987
747885874273214464 1061 3114
747844099428986880 809 2959
747816857231626240 1253 5113
747651430853525504 169 1457
747648653817413632 6291 13603
747600769478692864 590 2446
747594051852075008 1132 3897
747512671126323200 1706 5851
747461612269887489 1112 4074
747439450712596480 2072 5722
747242308580548608 3098 0
747219827526344708 1703 5565
747204161125646336 992 3565
747103485104099331 4294 10091
746906459439529985 318 3045
746872823977771008 2309 6315
746818907684614144 1854 5577
746790600704425984 1711 5145
746757706116112384 4195 10084
746726898085036033 1925 6362
746542875601690625 2005 5309
746521445350707200 1057 0
746507379341139972 1162 4878
746369468511756288 1767 6487
746131877086527488 2366 7277
746056683365994496 874 3740
745789745784041472 1146 4244
745712589599014916 2488 7363
745433870967832576 2726 7476
745422732645535745 2609 9024
745314880350101504 2978 7549
745074613265149952 3787 8254
745057283344719872 2443 7614
744995568523612160 671 3127
744971049620602880 2890 8296
744709971296780288 1673 5883
744334592493166593 2296 7124
744234799360020481 83920 164676
744223424764059648 401 1787
743980027717509120 1168 4373
743895849529389061 1027 3830
743835915802583040 2238 0
743609206067040256 1478 4713
743595368194129920 7044 19429
743545585370791937 1002 3709
743510151680958465 3960 8318
743253157753532416 1308 4458
743222593470234624 2041 6519
743210557239623680 1462 4032
742534281772302336 3808 7408
742528092657332225 2136 4664
742465774154047488 4166 7635
742423170473463808 4070 10342
742385895052087300 2135 7147
742161199639494656 1472 4567
742150209887731712 1671 5398
741793263812808706 1615 4791
741743634094141440 2965 8600
741438259667034112 896 3861
741303864243200000 3470 9219
741099773336379392 5942 10563
741067306818797568 3311 9930
740995100998766593 2965 6721
740711788199743490 999 3580
740699697422163968 839 2977
740676976021798912 7281 19075
740373189193256964 14241 36552
740365076218183684 469 2606
740359016048689152 916 3464
740214038584557568 2106 7023
739979191639244800 6339 20974
739932936087216128 1154 4254
739844404073074688 915 3986
739623569819336705 1452 3993
739606147276148736 1772 5659
739544079319588864 22900 41682
739485634323156992 3149 7548
739238157791694849 62172 121688
738891149612572673 6 113
738885046782832640 1223 3956
738883359779196928 869 3507
738537504001953792 1670 5348
738402415918125056 904 3422
738184450748633089 1293 4521
738166403467907072 3643 9240
738156290900254721 700 2661
737826014890496000 1883 5532
737800304142471168 3704 10487
737678689543020544 1430 5291
737445876994609152 4773 10791
737322739594330112 868 3791
737310737551491075 7929 15409
736736130620620800 1854 4529
736392552031657984 7931 18636
736365877722001409 1341 4181
736225175608430592 2962 8529
736010884653420544 3183 8286
735991953473572864 1229 3770
735648611367784448 1174 4204
735635087207878657 2516 6479
735274964362878976 5425 13639
735256018284875776 949 3503
735137028879360001 1037 3287
734912297295085568 550 2869
734787690684657664 6735 13178
734776360183431168 583 2633
734559631394082816 423 1570
733828123016450049 829 3769
733822306246479872 1078 3849
733482008106668032 1014 3293
733460102733135873 1366 4420
733109485275860992 17956 51575
732732193018155009 574 2562
732726085725589504 946 3702
732585889486888962 822 3865
732375214819057664 2697 8478
732005617171337216 5833 15666
731285275100512256 1050 3659
731156023742988288 1358 4019
730924654643314689 2113 6428
730573383004487680 2301 5159
730427201120833536 1110 3632
730211855403241472 1130 4009
730196704625098752 2049 5115
729854734790754305 1203 4224
729838605770891264 410 1787
729823566028484608 1322 4178
729463711119904772 2464 6077
729113531270991872 350 1976
728986383096946689 878 3309
728760639972315136 1818 4893
728751179681943552 724 2911
728653952833728512 1107 3467
728409960103686147 2142 5143
728387165835677696 1021 3843
728046963732717569 1255 4515
728035342121635841 1778 4769
728015554473250816 1163 4296
727685679342333952 682 3071
727644517743104000 1861 6167
727524757080539137 1300 4675
727314416056803329 801 3482
727286334147182592 871 3187
727175381690781696 1468 4052
727155742655025152 1408 3809
726935089318363137 2611 7208
726887082820554753 1605 4015
726828223124897792 1074 3715
726224900189511680 1226 4620
725842289046749185 2827 7386
725786712245440512 1449 4361
725729321944506368 1895 5428
725458796924002305 663 1477
724983749226668032 1388 3882
724771698126512129 685 2482
724405726123311104 1756 5548
724049859469295616 1881 4519
724046343203856385 594 2784
724004602748780546 1679 4378
723912936180330496 1304 4072
723688335806480385 3176 8064
723673163800948736 949 3165
723179728551723008 1997 5544
722974582966214656 1674 4301
722613351520608256 1742 5188
721503162398597120 1991 4872
721001180231503872 656 2648
720785406564900865 820 3255
720775346191278080 721 2595
720415127506415616 1592 4317
720389942216527872 2682 6713
720340705894408192 1037 3003
720059472081784833 1200 4066
720043174954147842 2137 5132
719991154352222208 1860 5055
719704490224398336 1547 4776
719551379208073216 2050 5284
719367763014393856 786 2921
719339463458033665 1335 4617
719332531645071360 1017 3572
718971898235854848 1166 3650
718939241951195136 1875 5479
718631497683582976 8603 19762
718613305783398402 514 2550
718540630683709445 1079 2597
718460005985447936 564 2820
718454725339934721 1604 5088
718246886998687744 532 2020
718234618122661888 1069 4057
717841801130979328 631 2568
717790033953034240 1202 3020
717537687239008257 1962 6017
717428917016076293 484 1683
717421804990701568 898 3292
717047459982213120 2031 6554
717009362452090881 1037 3420
716802964044845056 1253 4471
716791146589110272 1526 6249
716730379797970944 455 1288
716447146686459905 6280 13712
716439118184652801 227 2474
716285507865542656 1154 2907
716080869887381504 2047 7024
715928423106027520 931 3336
715758151270801409 1514 3912
715733265223708672 1799 4888
715704790270025728 605 2920
715696743237730304 1369 4083
715680795826982913 1725 4531
715360349751484417 1679 5718
715342466308784130 726 3164
715220193576927233 696 2527
715200624753819648 2010 5355
715009755312439296 1321 4356
714982300363173890 1104 3929
714962719905021952 4548 7703
714957620017307648 1512 4331
714631576617938945 1070 3421
714606013974974464 987 3793
714485234495041536 1232 2832
714258258790387713 763 3149
714251586676113411 895 3420
714214115368108032 937 2374
714141408463036416 1498 4508
713919462244790272 827 3428
713909862279876608 579 2005
713900603437621249 792 2966
713761197720473600 1468 5108
713411074226274305 1375 4617
713177543487135744 3014 7534
713175907180089344 1556 4665
712809025985978368 7181 19468
712717840512598017 5333 12930
712668654853337088 1295 4351
712438159032893441 1668 5573
712309440758808576 25 255
712097430750289920 1104 3976
712092745624633345 957 3082
712085617388212225 516 3396
712065007010385924 667 2365
711998809858043904 134 0
711968124745228288 2463 8438
711743778164514816 1049 2975
711732680602345472 4392 9307
711694788429553666 19488 34379
711652651650457602 979 4052
711363825979756544 1208 3830
711306686208872448 780 3466
711008018775851008 662 3137
710997087345876993 1486 4767
710844581445812225 736 2666
710833117892898816 575 2818
710658690886586372 603 2422
710609963652087808 2506 5026
710588934686908417 2000 4767
710296729921429505 787 2482
710283270106132480 550 2234
710272297844797440 1343 4740
710269109699739648 1203 2515
710153181850935296 953 3048
710140971284037632 954 2901
710117014656950272 2123 5769
709918798883774466 1140 3127
709901256215666688 105 706
709852847387627521 1275 3672
709566166965075968 1285 3712
709556954897764353 1134 3443
709519240576036864 256 1557
709449600415961088 624 2331
709409458133323776 740 2737
709225125749587968 609 2517
709207347839836162 6225 13222
709198395643068416 684 2527
709179584944730112 719 2111
709158332880297985 449 2142
709042156699303936 1751 4983
708853462201716736 700 1881
708845821941387268 956 3121
708834316713893888 538 1776
708810915978854401 7418 17285
708738143638450176 872 2877
708711088997666817 775 2673
708479650088034305 720 2670
708469915515297792 877 3234
708400866336894977 10800 16791
708356463048204288 1427 3792
708349470027751425 788 2466
708149363256774660 1643 4483
708130923141795840 892 3551
708119489313951744 1044 2813
708109389455101952 578 2026
708026248782585858 2041 4575
707995814724026368 1199 3278
707983188426153984 2 51
707969809498152960 1034 2827
707776935007539200 1010 3440
707741517457260545 653 2616
707738799544082433 2639 4296
707693576495472641 1069 3609
707629649552134146 939 2706
707610948723478529 6849 17799
707420581654872064 739 2389
707411934438625280 637 2389
707387676719185920 1389 3676
707377100785885184 1154 3439
707315916783140866 684 2599
707297311098011648 850 2900
707059547140169728 726 2703
707038192327901184 850 2302
707021089608753152 1463 4269
707014260413456384 638 2422
706904523814649856 8371 15310
706901761596989440 640 2168
706681918348251136 1033 3481
706644897839910912 1169 2705
706593038911545345 670 2264
706538006853918722 1511 3627
706516534877929472 1107 3248
706346369204748288 986 3616
706310011488698368 8530 22463
706291001778950144 499 1787
706265994973601792 982 2865
706169069255446529 2374 4094
706166467411222528 1719 5410
706153300320784384 414 1566
705975130514706432 788 3254
705970349788291072 951 3293
705898680587526145 597 2495
705786532653883392 561 2050
705591895322394625 1227 3326
705475953783398401 988 3103
705442520700944385 1753 4672
705428427625635840 1808 4012
705239209544720384 803 3143
705223444686888960 863 2704
705102439679201280 545 2257
705066031337840642 645 2282
704871453724954624 1186 4479
704859558691414016 582 2366
704847917308362754 1637 5365
704819833553219584 1068 2764
704761120771465216 3098 6962
704499785726889984 1066 3087
704491224099647488 88 806
704480331685040129 1131 3568
704364645503647744 3806 8433
704347321748819968 374 1670
704134088924532736 500 1588
704113298707505153 603 1952
704054845121142784 977 3064
703774238772166656 498 1938
703769065844768768 1213 3459
703631701117943808 738 2722
703611486317502464 1620 4060
703425003149250560 1474 3989
703407252292673536 743 2575
703382836347330562 1215 3681
703356393781329922 414 2010
703268521220972544 584 2065
703079050210877440 3316 7762
703041949650034688 13410 27713
702932127499816960 773 2721
702899151802126337 483 1692
702684942141153280 1154 3376
702671118226825216 601 2309
702598099714314240 3493 10864
702539513671897089 1019 3022
702332542343577600 1665 3360
702321140488925184 1101 3451
702276748847800320 816 2600
702217446468493312 1431 5049
701981390485725185 1060 3622
701952816642965504 1093 4001
701889187134500865 1471 3743
701805642395348998 1816 3614
701601587219795968 488 2196
701570477911896070 1001 2968
701545186879471618 655 2795
701214700881756160 5469 12840
700890391244103680 615 2333
700864154249383937 655 2721
700847567345688576 536 2554
700796979434098688 1027 2562
700747788515020802 10004 23994
700518061187723268 856 2776
700505138482569216 609 2396
700462010979500032 1924 4352
700167517596164096 797 2782
700151421916807169 707 2352
700143752053182464 2941 7922
700062718104104960 743 2781
700029284593901568 626 2177
700002074055016451 1441 3482
699801817392291840 1025 3215
699788877217865730 530 2357
699779630832685056 1327 2919
699775878809702401 647 2063
699691744225525762 4909 10783
699446877801091073 2797 6245
699434518667751424 543 2282
699423671849451520 353 1446
699413908797464576 661 2175
699370870310113280 468 1980
699323444782047232 922 3324
699088579889332224 670 2354
699079609774645248 701 2577
699072405256409088 1266 3159
699060279947165696 1933 3970
699036661657767936 1277 2741
698989035503689728 1052 3550
698953797952008193 967 2845
698907974262222848 664 2667
698710712454139905 728 2602
698703483621523456 406 1525
698635131305795584 364 1350
698549713696649216 661 2438
698355670425473025 484 1968
698342080612007937 1011 2382
698262614669991936 2146 4996
698195409219559425 6371 17607
698178924120031232 790 2946
697995514407682048 358 1604
697990423684476929 1386 3458
697943111201378304 736 2524
697881462549430272 1273 3168
697630435728322560 575 1838
697616773278015490 1084 3328
697596423848730625 1350 3192
697575480820686848 538 2146
697516214579523584 1212 2184
697482927769255936 721 2548
697463031882764288 1474 3588
697270446429966336 1987 4917
697259378236399616 1067 3455
697255105972801536 1239 3173
697242256848379904 710 2644
696900204696625153 1095 3355
696894894812565505 723 2460
696886256886657024 1919 5088
696877980375769088 761 2560
696754882863349760 381 1550
696744641916489729 1006 2170
696713835009417216 690 2497
696518437233913856 1816 4092
696490539101908992 156 1280
696488710901260288 1107 2668
696405997980676096 1217 3381
696100768806522880 713 2035
695816827381944320 1247 3162
695794761660297217 840 3354
695767669421768709 798 1968
695629776980148225 2244 4803
695446424020918272 1940 4592
695409464418041856 3818 9084
695314793360662529 1575 3827
695095422348574720 656 2784
695074328191332352 1182 2991
695064344191721472 641 1688
695051054296211456 840 2804
694925794720792577 976 2830
694905863685980160 1000 2893
694669722378485760 15460 37557
694356675654983680 311 1585
694352839993344000 665 2142
694342028726001664 523 1657
694329668942569472 537 2111
694206574471057408 2171 4402
694183373896572928 995 3096
694001791655137281 1105 3567
693993230313091072 433 1965
693942351086120961 395 1820
693647888581312512 635 2839
693644216740769793 135 1414
693642232151285760 445 2664
693629975228977152 854 2580
693622659251335168 397 1627
693590843962331137 2113 5328
693582294167244802 273 1726
693486665285931008 675 1872
693280720173801472 1325 3541
693267061318012928 874 2517
693262851218264065 535 2348
693231807727280129 786 3013
693155686491000832 3419 8289
693109034023534592 657 1809
693095443459342336 495 1971
692919143163629568 799 2814
692905862751522816 939 2562
692901601640583168 648 1881
692894228850999298 866 2397
692828166163931137 942 3028
692752401762250755 3882 7181
692568918515392513 1646 4566
692535307825213440 1451 3366
692530551048294401 449 1939
692423280028966913 245 1555
692417313023332352 3713 9811
692187005137076224 876 2654
692158366030913536 849 2263
692142790915014657 421 1726
692041934689402880 1361 3578
692017291282812928 1019 3015
691820333922455552 1773 4156
691793053716221953 4492 8527
691756958957883396 1093 3041
691675652215414786 544 2047
691483041324204033 605 2496
691459709405118465 1233 4275
691444869282295808 907 2790
691416866452082688 8186 20333
691321916024623104 707 2703
691096613310316544 952 3117
691090071332753408 359 1797
690989312272396288 3076 6218
690959652130045952 1344 3777
690938899477221376 2131 4351
690932576555528194 1094 3458
690735892932222976 1371 3986
690728923253055490 553 2287
690690673629138944 855 2450
690649993829576704 300 1377
690607260360429569 17 306
690597161306841088 646 2067
690400367696297985 485 1975
690374419777196032 922 3435
690360449368465409 955 2781
690348396616552449 549 1586
690248561355657216 439 1771
690021994562220032 1107 2938
690015576308211712 792 2649
690005060500217858 1806 3862
689999384604450816 400 1501
689993469801164801 488 1543
689977555533848577 477 1441
689905486972461056 742 2562
689877686181715968 1267 3183
689835978131935233 807 2272
689661964914655233 997 3365
689659372465688576 4153 10909
689623661272240129 691 2353
689599056876867584 5919 12236
689557536375177216 493 2159
689517482558820352 1530 3569
689289219123089408 1000 2373
689283819090870273 1183 3456
689280876073582592 770 2101
689275259254616065 263 1218
689255633275777024 1162 2689
689154315265683456 1074 3227
689143371370250240 551 2128
688916208532455424 932 2873
688908934925697024 826 2227
688898160958271489 845 2216
688894073864884227 742 2350
688828561667567616 398 1460
688804835492233216 209 1009
688789766343622656 714 2337
688547210804498433 755 2748
688519176466644993 787 2437
688385280030670848 4768 9774
688211956440801280 894 2345
688179443353796608 628 2225
688116655151435777 839 2976
688064179421470721 385 1818
687841446767013888 2705 5760
687826841265172480 1206 2880
687818504314159109 1015 2635
687807801670897665 753 2519
687732144991551489 700 1855
687704180304273409 896 2567
687664829264453632 548 2041
687494652870668288 614 2016
687480748861947905 261 1685
687476254459715584 572 2078
687460506001633280 583 2159
687399393394311168 674 1994
687317306314240000 9798 21149
687312378585812992 2031 4591
687127927494963200 2454 5755
687124485711986689 543 2280
687109925361856513 2636 6119
687102708889812993 1061 2466
687096057537363968 650 2365
686947101016735744 3406 9062
686760001961103360 1475 3702
686749460672679938 1562 3657
686730991906516992 1285 4376
686683045143953408 860 2960
686618349602762752 1455 3883
686606069955735556 583 1995
686394059078897668 727 1837
686386521809772549 941 3430
686377065986265092 601 2338
686358356425093120 728 2315
686286779679375361 1784 4218
686050296934563840 781 2325
686035780142297088 129 1214
686034024800862208 1247 3284
686007916130873345 449 2611
686003207160610816 678 1918
685973236358713344 563 2221
685943807276412928 644 1717
685906723014619143 3124 7924
685681090388975616 137 2137
685667379192414208 615 2464
685663452032069632 1570 3422
685641971164143616 834 3091
685547936038666240 16816 34700
685532292383666176 1234 3200
685325112850124800 4277 9985
685321586178670592 687 2784
685315239903100929 1157 3524
685307451701334016 472 2173
685268753634967552 1296 3254
685198997565345792 715 2456
685169283572338688 1525 4314
684969860808454144 408 2490
684959798585110529 3361 7178
684940049151070208 1119 3385
684926975086034944 502 3685
684914660081053696 1567 3691
684902183876321280 569 1978
684880619965411328 878 2209
684830982659280897 23176 36893
684800227459624960 1069 2851
684594889858887680 3794 9410
684588130326986752 1503 4332
684567543613382656 1323 3166
684538444857667585 1028 2790
684481074559381504 1253 4073
684460069371654144 595 2082
684241637099323392 3550 8576
684225744407494656 228 1304
684222868335505415 1476 4048
684200372118904832 1106 2276
684195085588783105 559 2016
684188786104872960 1256 3662
684177701129875456 723 2123
684147889187209216 1605 3138
684122891630342144 511 2094
684097758874210310 1545 4324
683857920510050305 1198 4000
683852578183077888 377 2030
683849932751646720 1052 2756
683834909291606017 1192 2762
683828599284170753 1136 2944
683773439333797890 1456 3522
683742671509258241 3569 6842
683515932363329536 3121 7750
683498322573824003 1030 3340
683481228088049664 1067 2773
683462770029932544 716 2558
683449695444799489 1725 4104
683391852557561860 2568 8008
683357973142474752 1005 3084
683142553609318400 1113 3033
683111407806746624 977 3572
683098815881154561 707 2279
683078886620553216 601 2086
683030066213818368 785 2265
682962037429899265 17912 38880
682808988178739200 193 1865
682788441537560576 1199 2599
682750546109968385 468 1602
682697186228989953 386 1377
682662431982772225 1161 3204
682638830361513985 645 2163
682429480204398592 1250 3609
682406705142087680 1890 7984
682393905736888321 733 2353
682389078323662849 503 1756
682303737705140231 1073 3239
682259524040966145 1303 4389
682242692827447297 1270 3421
682088079302213632 10622 19251
682059653698686977 1814 5221
682047327939461121 1034 3377
682032003584274432 2156 6926
682003177596559360 1642 3306
681981167097122816 1105 2928
681891461017812993 887 2596
681694085539872773 4344 13430
681679526984871937 482 1850
681654059175129088 995 2779
681610798867845120 508 2008
681579835668455424 1400 3718
681523177663676416 6243 15058
681340665377193984 299 1725
681339448655802368 4358 9763
681320187870711809 811 2788
681302363064414209 1962 4145
681297372102656000 1028 3359
681281657291280384 1181 3389
681261549936340994 295 1528
681242418453299201 580 1572
681231109724700672 519 2518
681193455364796417 1602 3899
680970795137544192 715 2552
680959110691590145 2140 4789
680940246314430465 1132 3384
680934982542561280 471 2185
680913438424612864 663 2510
680889648562991104 394 1852
680836378243002368 1429 3630
680805554198020098 711 2271
680801747103793152 887 2487
680798457301471234 1120 2997
680609293079592961 768 2769
680583894916304897 1444 3806
680497766108381184 2052 4443
680494726643068929 518 1798
680473011644985345 801 2673
680440374763077632 544 1524
680221482581123072 309 1520
680206703334408192 1260 2982
680191257256136705 540 2253
680176173301628928 1683 4099
680161097740095489 787 2434
680145970311643136 1870 3799
680130881361686529 1018 2402
680115823365742593 972 2849
680100725817409536 1464 3752
680085611152338944 9557 13435
680070545539371008 938 2703
680055455951884288 7620 17535
679877062409191424 691 2066
679872969355714560 713 2281
679862121895714818 668 2576
679854723806179328 1321 3006
679844490799091713 821 2486
679828447187857408 15047 38036
679777920601223168 1195 3227
679736210798047232 851 2188
679729593985699840 878 2268
679722016581222400 501 1737
679530280114372609 2219 4989
679527802031484928 773 2773
679511351870550016 1364 3530
679503373272485890 1587 3304
679475951516934144 686 2196
679462823135686656 20171 33266
679405845277462528 1287 2492
679158373988876288 8676 22505
679148763231985668 1102 2899
679132435750195208 1237 3107
679111216690831360 2733 6232
679062614270468097 8780 17867
679047485189439488 728 2357
679001094530465792 1319 2956
678991772295516161 1256 2437
678969228704284672 495 1716
678800283649069056 963 2694
678798276842360832 1270 3643
678774928607469569 985 2929
678767140346941444 1463 3699
678764513869611008 508 1712
678755239630127104 3533 7469
678740035362037760 1814 3930
678708137298427904 2597 5822
678675843183484930 1582 3006
678643457146150913 453 2146
678446151570427904 1671 4180
678424312106393600 2705 5654
678410210315247616 1947 4425
678399652199309312 33898 82489
678396796259975168 449 1659
678389028614488064 449 1951
678380236862578688 967 2550
678341075375947776 572 1801
678334497360859136 279 1358
678278586130948096 6482 11979
678255464182861824 396 1652
678021115718029313 6784 14369
677961670166224897 1790 3569
677918531514703872 436 1407
677895101218201600 2241 5042
677716515794329600 1029 3181
677700003327029250 1534 3542
677698403548192770 339 1278
677687604918272002 896 2583
677673981332312066 1595 3484
677662372920729601 1040 2030
677644091929329666 846 1954
677573743309385728 769 2231
677565715327688705 484 1350
677557565589463040 1238 2541
677547928504967168 3868 7217
677530072887205888 240 1118
677335745548390400 1905 3163
677334615166730240 314 1417
677331501395156992 251 1134
677328882937298944 1587 3780
677314812125323265 568 1713
677301033169788928 435 1293
677269281705472000 747 2075
677228873407442944 1740 3690
677187300187611136 980 2843
676975532580409345 1136 2889
676957860086095872 857 2299
676949632774234114 422 1352
676948236477857792 923 2263
676946864479084545 400 1772
676942428000112642 805 2157
676936541936185344 5206 13197
676916996760600576 1909 3079
676897532954456065 764 2343
676864501615042560 753 2185
676821958043033607 16564 23968
676819651066732545 704 1871
676811746707918848 448 1469
676776431406465024 2123 5189
676617503762681856 1043 3013
676613908052996102 207 1130
676606785097199616 465 1955
676603393314578432 411 1213
676593408224403456 2282 4751
676590572941893632 135 947
676588346097852417 846 2423
676582956622721024 296 1254
676575501977128964 1186 2690
676533798876651520 593 1954
676496375194980353 567 1577
676470639084101634 4937 12042
676440007570247681 702 1784
676430933382295552 364 1451
676263575653122048 580 2156
676237365392908289 309 1270
676219687039057920 32765 77627
676215927814406144 620 1801
676191832485810177 1083 2366
676146341966438401 705 1986
676121918416756736 1223 2225
676101918813499392 1224 2915
676098748976615425 1519 3120
676089483918516224 452 1366
675898130735476737 603 1698
675891555769696257 920 2206
675888385639251968 1013 2461
675878199931371520 1473 4328
675870721063669760 601 1698
675853064436391936 1368 2782
675849018447167488 157 977
675845657354215424 935 2366
675822767435051008 562 1581
675820929667219457 242 1086
675798442703122432 3570 10599
675781562965868544 499 1677
675740360753160193 366 1209
675710890956750848 868 1954
675707330206547968 734 2052
675706639471788032 103 669
675534494439489536 439 1877
675531475945709568 404 1218
675522403582218240 300 1075
675517828909424640 481 1349
675501075957489664 6115 17687
675497103322386432 1363 3243
675489971617296384 624 1344
675483430902214656 1020 1909
675432746517426176 597 1574
675372240448454658 531 1751
675362609739206656 239 1081
675354435921575936 18044 33842
675349384339542016 2377 4037
675334060156301312 1359 2871
675166823650848770 1693 3723
675153376133427200 2739 6489
675149409102012420 1765 3860
675147105808306176 253 973
675146535592706048 328 1233
675145476954566656 947 2202
675135153782571009 517 1338
675113801096802304 818 2009
675111688094527488 265 992
675109292475830276 1189 2884
675047298674663426 342 1093
675015141583413248 1257 2797
675006312288268288 236 1011
675003128568291329 495 1596
674999807681908736 1151 2315
674805413498527744 370 884
674800520222154752 898 3088
674793399141146624 1142 2572
674790488185167872 263 1136
674788554665512960 218 835
674781762103414784 1260 2058
674774481756377088 496 1157
674767892831932416 830 1878
674764817387900928 249 804
674754018082705410 468 1400
674752233200820224 486 1500
674743008475090944 580 1441
674742531037511680 54 501
674739953134403584 412 1142
674737130913071104 96 664
674690135443775488 487 1181
674670581682434048 682 1659
674664755118911488 264 946
674646392044941312 524 1482
674644256330530816 281 1059
674638615994089473 605 1727
674632714662858753 603 1542
674606911342424069 102 962
674468880899788800 2154 6390
674447403907457024 372 1089
674436901579923456 412 1142
674422304705744896 556 1473
674416750885273600 146 702
674410619106390016 485 1228
674394782723014656 596 1539
674372068062928900 323 866
674330906434379776 76 577
674318007229923329 536 1449
674307341513269249 7250 11618
674291837063053312 6150 15126
674271431610523648 759 1609
674269164442398721 235 921
674265582246694913 886 1675
674262580978937856 473 1338
674255168825880576 582 1508
674082852460433408 177 776
674075285688614912 299 1004
674063288070742018 2313 6525
674053186244734976 1352 3409
674051556661161984 503 1476
674045139690631169 664 1452
674042553264685056 134 740
674038233588723717 426 1125
674036086168010753 223 863
674024893172875264 1277 1828
674019345211760640 312 1159
674014384960745472 672 1601
674008982932058114 368 1229
673956914389192708 1002 1993
673919437611909120 383 1195
673906403526995968 1682 3272
673887867907739649 260 954
673716320723169284 788 3140
673715861853720576 2166 3617
673711475735838725 307 1058
673709992831262724 284 867
673708611235921920 300 1101
673707060090052608 405 1119
673705679337693185 413 1284
673700254269775872 594 1473
673697980713705472 2036 3884
673689733134946305 675 1778
673688752737402881 515 1290
673686845050527744 454 1476
673680198160809984 484 1402
673662677122719744 373 1278
673656262056419329 253 732
673636718965334016 374 1139
673612854080196609 747 1622
673583129559498752 381 1221
673580926094458881 276 851
673576835670777856 582 1415
673363615379013632 317 1046
673359818736984064 694 1484
673355879178194945 605 1523
673352124999274496 556 1688
673350198937153538 221 755
673345638550134785 1325 2583
673343217010679808 280 993
673342308415348736 609 1299
673320132811366400 8244 13756
673317986296586240 269 887
673295268553605120 3278 7676
673270968295534593 383 1085
673240798075449344 756 1449
673213039743795200 877 2297
673148804208660480 650 1731
672997845381865473 745 2006
672995267319328768 307 975
672988786805112832 302 999
672984142909456390 562 1278
672980819271634944 1036 1847
672975131468300288 947 1723
672970152493887488 367 966
672968025906282496 563 1338
672964561327235073 661 1449
672902681409806336 521 1392
672898206762672129 434 913
672884426393653248 856 1582
672877615439593473 381 1054
672834301050937345 589 1338
672828477930868736 506 1276
672640509974827008 332 990
672622327801233409 512 1320
672614745925664768 602 1245
672609152938721280 400 1137
672604026190569472 413 1135
672594978741354496 624 1352
672591762242805761 344 969
672591271085670400 190 745
672538107540070400 380 1049
672523490734551040 178 655
672488522314567680 450 1136
672482722825261057 625 1157
672481316919734272 128 728
672475084225949696 719 1462
672466075045466113 556 1379
672272411274932228 3499 6575
672267570918129665 634 1529
672264251789176834 349 1167
672256522047614977 1603 2872
672254177670729728 765 1460
672248013293752320 628 1755
672245253877968896 162 701
672239279297454080 330 912
672231046314901505 1042 1868
672222792075620352 217 801
672205392827572224 1189 2305
672169685991993344 380 1041
672160042234327040 369 886
672139350159835138 740 1780
672125275208069120 1178 2457
672095186491711488 377 1018
672082170312290304 377 959
672068090318987265 530 1320
671896809300709376 4287 8622
671891728106971137 585 1356
671882082306625538 1418 3534
671879137494245376 705 1449
671874878652489728 576 1270
671866342182637568 516 1144
671855973984772097 465 924
671789708968640512 3595 7182
671768281401958400 540 1214
671763349865160704 952 1715
671744970634719232 794 1372
671743150407421952 238 753
671735591348891648 778 1477
671729906628341761 4492 8661
671561002136281088 7451 13075
671550332464455680 213 933
671547767500775424 613 1376
671544874165002241 1078 2024
671542985629241344 583 1114
671538301157904385 406 943
671536543010570240 420 1203
671533943490011136 595 1041
671528761649688577 265 852
671520732782923777 540 1422
671518598289059840 301 967
671511350426865664 747 1639
671504605491109889 3648 7171
671497587707535361 459 933
671488513339211776 482 1032
671486386088865792 212 590
671485057807351808 238 776
671390180817915904 752 1449
671362598324076544 301 1132
671357843010908160 151 406
671355857343524864 116 488
671347597085433856 441 980
671186162933985280 218 752
671182547775299584 356 1150
671166507850801152 361 891
671163268581498880 1138 1691
671159727754231808 84 383
671154572044468225 225 737
671151324042559489 159 685
671147085991960577 234 690
671141549288370177 672 1191
671138694582165504 417 950
671134062904504320 199 764
671122204919246848 2598 3568
671115716440031232 795 1385
671109016219725825 453 1169
670995969505435648 301 1126
670842764863651840 9010 25026
670840546554966016 200 607
670838202509447168 717 1138
670833812859932673 128 459
670832455012716544 225 749
670826280409919488 4181 5663
670823764196741120 198 793
670822709593571328 99 624
670815497391357952 1585 3235
670811965569282048 277 1154
670807719151067136 504 1176
670804601705242624 985 2007
670803562457407488 89 349
670797304698376195 243 749
670792680469889025 285 850
670789397210615808 247 677
670786190031921152 207 611
670783437142401025 406 834
670782429121134593 797 1598
670780561024270336 297 798
670778058496974848 74 334
670764103623966721 436 1097
670755717859713024 114 453
670733412878163972 525 982
670727704916926465 371 843
670717338665226240 510 1236
670704688707301377 383 780
670691627984359425 250 600
670679630144274432 291 762
670676092097810432 44 255
670668383499735048 5204 10925
670474236058800128 786 1564
670468609693655041 87 359
670465786746662913 568 983
670452855871037440 213 560
670449342516494336 691 1217
670444955656130560 2039 6840
670442337873600512 203 653
670435821946826752 531 1075
670434127938719744 665 1431
670433248821026816 117 334
670428280563085312 651 1412
670427002554466305 169 527
670421925039075328 654 1338
670420569653809152 327 636
670417414769758208 328 579
670411370698022913 927 2068
670408998013820928 231 568
670403879788544000 162 442
670385711116361728 219 571
670374371102445568 277 757
670361874861563904 69 335
670338931251150849 114 435
670319130621435904 1263 3932
670303360680108032 139 435
670290420111441920 296 723
670093938074779648 347 1049
670086499208155136 262 711
670079681849372674 1280 2261
670073503555706880 815 1595
670069087419133954 251 644
670061506722140161 353 780
670055038660800512 340 684
670046952931721218 181 658
670040295598354432 115 769
670037189829525505 287 598
670003130994700288 96 342
669993076832759809 87 331
669972011175813120 168 455
669970042633789440 62 309
669942763794931712 172 518
669926384437997569 108 385
669923323644657664 59 242
669753178989142016 414 828
669749430875258880 67 275
669684865554620416 91 532
669683899023405056 114 396
669682095984410625 136 360
669680153564442624 299 681
669661792646373376 454 822
669625907762618368 1863 3594
669603084620980224 374 960
669597912108789760 155 521
669583744538451968 954 1514
669573570759163904 146 444
669571471778410496 1049 1616
669567591774625800 58 240
669564461267722241 128 393
669393256313184256 79 376
669375718304980992 753 1363
669371483794317312 186 505
669367896104181761 163 473
669363888236994561 236 637
669359674819481600 127 375
669354382627049472 1306 2763
669353438988365824 266 660
669351434509529089 193 450
669328503091937280 429 1029
669327207240699904 119 585
669324657376567296 214 504
669216679721873412 414 1208
669214165781868544 175 448
669203728096960512 492 1022
669037058363662336 321 674
669015743032369152 384 755
669006782128353280 258 588
669000397445533696 6561 21243
668994913074286592 240 450
668992363537309700 356 755
668989615043424256 338 696
668988183816871936 488 914
668986018524233728 173 565
668981893510119424 317 548
668979806671884288 357 806
668975677807423489 599 1328
668967877119254528 25 149
668960084974809088 245 720
668955713004314625 74 286
668932921458302977 59 272
668902994700836864 103 324
668892474547511297 155 402
668872652652679168 308 539
668852170888998912 171 461
668826086256599040 141 444
668815180734689280 278 583
668779399630725120 382 715
668655139528511488 223 542
668645506898350081 554 913
668643542311546881 543 899
668641109086707712 554 1099
668636665813057536 502 1063
668633411083464705 1697 2872
668631377374486528 326 733
668627278264475648 118 324
668625577880875008 138 395
668623201287675904 796 1467
668620235289837568 44 207
668614819948453888 322 621
668587383441514497 1111 1700
668567822092664832 57 250
668544745690562560 233 532
668542336805281792 222 470
668537837512433665 77 257
668528771708952576 232 472
668507509523615744 111 332
668496999348633600 135 421
668484198282485761 241 435
668480044826800133 152 472
668466899341221888 527 901
668297328638447616 306 633
668291999406125056 32 249
668286279830867968 142 518
668274247790391296 235 841
668268907921326080 243 564
668256321989451776 636 1326
668248472370458624 501 1014
668237644992782336 2919 6314
668226093875376128 106 304
668221241640230912 203 518
668204964695683073 200 559
668190681446379520 200 664
668171859951755264 201 503
668154635664932864 325 505
668142349051129856 294 576
668113020489474048 250 673
667937095915278337 813 1288
667924896115245057 113 307
667915453470232577 58 215
667911425562669056 311 498
667902449697558528 385 861
667886921285246976 1115 1914
667885044254572545 499 830
667878741721415682 122 399
667873844930215936 417 639
667866724293877760 1057 3039
667861340749471744 78 245
667832474953625600 63 293
667806454573760512 508 1070
667801013445750784 97 334
667793409583771648 336 708
667782464991965184 249 414
667773195014021121 58 239
667766675769573376 222 447
667728196545200128 152 380
667724302356258817 326 489
667550904950915073 35 0
667550882905632768 33 0
667549055577362432 2327 5859
667546741521195010 127 338
667544320556335104 533 878
667538891197542400 66 208
667534815156183040 551 828
667530908589760512 244 475
667524857454854144 1131 1720
667517642048163840 195 372
667509364010450944 2166 6852
667502640335572993 222 538
667495797102141441 276 527
667491009379606528 232 535
667470559035432960 100 259
667455448082227200 60 194
667453023279554560 91 315
667443425659232256 590 790
667437278097252352 242 453
667435689202614272 84 308
667405339315146752 221 472
667393430834667520 58 198
667369227918143488 167 370
667211855547486208 245 496
667200525029539841 263 619
667192066997374976 109 388
667188689915760640 422 745
667182792070062081 6290 14423
667177989038297088 55 192
667176164155375616 466 613
667174963120574464 84 246
667171260800061440 91 222
667165590075940865 1154 2711
667160273090932737 62 259
667152164079423490 17341 48096
667138269671505920 2238 4639
667119796878725120 128 331
667090893657276420 129 336
667073648344346624 124 405
667070482143944705 14 84
667065535570550784 48 167
667062181243039745 55 220
667044094246576128 51 185
667012601033924608 225 451
666996132027977728 94 247
666983947667116034 991 2563
666837028449972224 559 821
666835007768551424 80 216
666826780179869698 97 256
666817836334096384 252 522
666804364988780544 94 241
666786068205871104 488 764
666781792255496192 198 389
666776908487630848 175 351
666739327293083650 66 238
666701168228331520 219 431
666691418707132416 47 188
666649482315059201 627 1121
666644823164719104 82 233
666454714377183233 208 518
666447344410484738 20 105
666437273139982337 48 125
666435652385423360 53 165
666430724426358785 196 314
666428276349472768 83 165
666421158376562688 111 316
666418789513326592 45 124
666411507551481857 323 439
666407126856765440 40 107
666396247373291520 84 166
666373753744588802 92 186
666362758909284353 564 768
666353288456101888 71 216
666345417576210432 133 290
666337882303524864 90 196
666293911632134144 351 494
666287406224695296 64 145
666273097616637952 76 173
666268910803644416 35 102
666104133288665088 6468 14132
666102155909144576 12 80
666099513787052032 67 153
666094000022159362 72 163
666082916733198337 44 116
666073100786774016 162 318
666071193221509120 59 145
666063827256086533 214 471
666058600524156928 57 111
666057090499244032 139 292
666055525042405380 242 431
666051853826850816 841 1209
666050758794694657 59 132
666049248165822465 41 108
666044226329800704 139 295
666033412701032449 43 124
666029285002620928 47 129
666020888022790149 507 2535
